{
 "cells": [
  {
   "cell_type": "markdown",
   "metadata": {},
   "source": [
    "Cálculo Variacional de Estado Fundamental Hidrógeno "
   ]
  },
  {
   "cell_type": "code",
   "execution_count": 190,
   "metadata": {},
   "outputs": [],
   "source": [
    "from numpy import  linspace, zeros, array, pi, exp, sqrt\n",
    "from scipy.linalg import  eigh , eigvalsh\n",
    "import sympy as sp\n",
    "from scipy.special import hyp1f1\n",
    "from math import factorial\n",
    "from sympy import oo\n",
    "import random as rd\n",
    "#sp.init_printing()\n",
    "\n",
    "from __future__ import division\n",
    "\n",
    "\n",
    "%matplotlib inline\n",
    "from matplotlib.pyplot import plot, title, legend, show, axhline, \\\n",
    "                              xlabel, ylabel, axis, figure"
   ]
  },
  {
   "cell_type": "code",
   "execution_count": 226,
   "metadata": {},
   "outputs": [],
   "source": [
    "nsize = 8\n",
    "S = zeros((nsize,nsize))\n",
    "H = zeros((nsize,nsize))\n",
    "Alpha = zeros((nsize))\n",
    "Ci = zeros((nsize))"
   ]
  },
  {
   "cell_type": "code",
   "execution_count": 227,
   "metadata": {},
   "outputs": [],
   "source": [
    "# Datos Iniciales para variacional\n",
    "Alpha[0] = 13.00773\n",
    "Alpha[1] = 1.962079\n",
    "Alpha[2] = 0.444529\n",
    "Alpha[3] = 0.1219492\n",
    "Alpha[4] = 0.1\n",
    "Alpha[5] = 0.05\n",
    "Alpha[6] = 0.02\n",
    "Alpha[7] = 0.01\n",
    "#rd.seed(a=1.4)\n",
    "#Alpha = array([10*rd.random() for i in range(nsize)])\n",
    "#print Alpha"
   ]
  },
  {
   "cell_type": "code",
   "execution_count": 228,
   "metadata": {},
   "outputs": [],
   "source": [
    "# Cálculo de Overlaps  Sij=<xi|xj>\n",
    "\n",
    "def overlap(Alpha,p,q):\n",
    "    spq = ( pi / (Alpha[p] + Alpha[q]) )**(3./2.)\n",
    "    \n",
    "    return spq\n",
    "\n",
    "for i in range(0,nsize):\n",
    "    for j in range(i,nsize):        \n",
    "        S[i,j]=overlap(Alpha,i,j)\n",
    "        S[j,i]=S[i,j]\n"
   ]
  },
  {
   "cell_type": "code",
   "execution_count": 120,
   "metadata": {},
   "outputs": [
    {
     "data": {
      "text/plain": [
       "array([[4.19640644e-02, 9.61391815e-02, 1.12857904e-01, 1.17042513e-01,\n",
       "        1.17336621e-01, 1.18011215e-01, 1.18419081e-01, 1.18555558e-01],\n",
       "       [9.61391815e-02, 7.16316708e-01, 1.49147774e+00, 1.85084232e+00,\n",
       "        1.88047195e+00, 1.95099999e+00, 1.99546157e+00, 2.01065865e+00],\n",
       "       [1.12857904e-01, 1.49147774e+00, 6.64247101e+00, 1.30602054e+01,\n",
       "        1.38577681e+01, 1.60116896e+01, 1.75875588e+01, 1.81711500e+01],\n",
       "       [1.17042513e-01, 1.85084232e+00, 1.30602054e+01, 4.62286682e+01,\n",
       "        5.32530435e+01, 7.80952410e+01, 1.04117896e+02, 1.16175531e+02],\n",
       "       [1.17336621e-01, 1.88047195e+00, 1.38577681e+01, 5.32530435e+01,\n",
       "        6.22557996e+01, 9.58490738e+01, 1.33953153e+02, 1.52628551e+02],\n",
       "       [1.18011215e-01, 1.95099999e+00, 1.60116896e+01, 7.80952410e+01,\n",
       "        9.58490738e+01, 1.76085992e+02, 3.00661451e+02, 3.78876731e+02],\n",
       "       [1.18419081e-01, 1.99546157e+00, 1.75875588e+01, 1.04117896e+02,\n",
       "        1.33953153e+02, 3.00661451e+02, 6.96041000e+02, 1.07162522e+03],\n",
       "       [1.18555558e-01, 2.01065865e+00, 1.81711500e+01, 1.16175531e+02,\n",
       "        1.52628551e+02, 3.78876731e+02, 1.07162522e+03, 1.96870124e+03]])"
      ]
     },
     "execution_count": 120,
     "metadata": {},
     "output_type": "execute_result"
    }
   ],
   "source": [
    "S"
   ]
  },
  {
   "cell_type": "code",
   "execution_count": 78,
   "metadata": {
    "collapsed": true
   },
   "outputs": [],
   "source": [
    "aj = sp.Symbol(\"aj\",positive=True)\n",
    "ai = sp.Symbol(\"ai\",positive=True)\n",
    "r = sp.Symbol(\"r\",positive=True)"
   ]
  },
  {
   "cell_type": "markdown",
   "metadata": {},
   "source": [
    "# Integral de overlap"
   ]
  },
  {
   "cell_type": "code",
   "execution_count": 34,
   "metadata": {},
   "outputs": [
    {
     "data": {
      "image/png": "iVBORw0KGgoAAAANSUhEUgAAAFEAAAAnCAYAAAB39KTqAAAABHNCSVQICAgIfAhkiAAABDxJREFU\naIHt2luIVWUUwPGft0zNHDUYC8MHu4GlhxSVaoKiLHsyKLrfDKOwIqiXSsKXgvAlyoLsISMs0i4Q\ndLFAK7UHs9K0QitCMi0aTVC7WtPD2pvZbveZc+Zy5jix//Bx9l57fXut853vttZ3KPnfMh8dPSwl\nCetwXLOdqJfBzXaggHPxBf5qtiMDmScwMyf7UvXhu7g/nRsIDMWHBfIzRIPNxQScjENi7hzRb95V\noZnDeRZewSMZ2Ry8W6DbKhpxHX7CKIzEevzeWDePbU7CLdiJQYlsBSYW6N6NbzP3V4meeEzM6c10\noh2vYjwuxIkYjV0FulPFYpNSwTb822Af62Jok+0fwhu4EZOxqoreVLyTua9gS2NdG1jMwa9YLea6\nPINxEFdmZF/j4ca7NnAYgt1YXuX56WJRmZyRrcResVqXJCzBRc12oqSkpKSk96SRQpmHK+kxLdiE\nzSICWpB7/jLa8AG+ElHT1f3o34BgiEhkEBv970UYSmzyN4qMUSWRTcCPckFBs8O+ZvMPfkuuh4vp\nLZ3ipuMz7EkKkUFqxzgRsqL7CYix+NmR0UM9PC1i5P7mUbyfXK/C/QU6LSIO3yU2/e2JfA7ey+lO\nF733h3qMPygWm6U5+RI8X88LcozFCT2o11taRGYIzsE+jKmi24oNySesyemOExn28+oxPFvMDVsc\n2YgjRaLggnpe0kOWa2y6fxMWdvH8GZGrHC0Wk5Th+Ag3FVXKD+cxIjE6XzRYlitE79xQ8J5FYuU6\niF9EY6Rp+4lJvbO6cL6ndGW3JbE7I6P/Jq7L3Lfq7KljRF5zOy7G2kQ+KHnvGrxY5ES+EZeJROna\nAt02fKp4TzkUd2FK4uSluC95Nk1M3juKHOglXdmt4LDYuqRsFIdgaUNPEkcOW5LPp7AVl+mcD8/H\nNZgntkKbxdRwhBMpC3CaSJAWMUmkrIpYnLneibd09rxK4lgjstC17G7HHxmd3RiGU/CdaNSKo5mJ\ne5Lr9WoswOnDM/EYrsffVXRH5BxKORVPiobaJ4bWbTrT/NPEr1fEQ4l+Wm4okLVVqVvLbqXAbnqo\nVeuEcIbY/nSLW8UwPZwpHaL3HBYT6wqRDM0yXuydVoohMEX0hAM6d/Y7cGcVu+NE70/La6JhsrKi\nL1yP3c/xQK7erOR7tWoALTg7Vz7BS8n1oMShbbl6N2O/zg0qcYLXITLSo8QvOrtOP5arb3WuZXcY\n/sQluXq3Kz4I6xXpnLg/KVkOiWGSNtxqPC56wd5Etlfs/+aJYTVXDMcD4ogzbbzsSV1fUMvuVPFf\nnvxwbku+R5/SnYhlq5iIr83I3sazeAEfi16wQjRah5gPv9EZWvUVtexWxCLSnqlzvDjseq6Pfek2\nl4sVb0izHanBUryeky10dBjXNO4V251jkREivt3j6LTWHWIXUlKDRSLSWiYWl5KSkpKSfuY/BfMJ\nEskQDvoAAAAASUVORK5CYII=\n",
      "text/latex": [
       "$$\\frac{\\sqrt{\\pi}}{4 \\left(ai + aj\\right)^{\\frac{3}{2}}}$$"
      ],
      "text/plain": [
       "      √π      \n",
       "──────────────\n",
       "           3/2\n",
       "4⋅(ai + aj)   "
      ]
     },
     "execution_count": 34,
     "metadata": {},
     "output_type": "execute_result"
    }
   ],
   "source": [
    "sp.simplify(sp.integrate(sp.exp(-aj*r**2)*sp.exp(-ai*r**2)*r**2,(r,0,oo)))"
   ]
  },
  {
   "cell_type": "code",
   "execution_count": 35,
   "metadata": {},
   "outputs": [
    {
     "data": {
      "image/png": "iVBORw0KGgoAAAANSUhEUgAAAJoAAAApCAYAAADNoTDMAAAABHNCSVQICAgIfAhkiAAABm5JREFU\neJztnHeMVEUYwH8cB3IUpel5NmJBBT3uIgQrtiiKJYGoAYOK2KKgxkQSoxKzsUQNBEElQYxxbRFB\nJbGgoMECioiYo1lQEQtNmiKiooh/fDPs7OzbfWXf3u475pds9s3slO+bN2++mXnzLTgcFcI1wO6I\nH4cjMPOAtiUsfzIw0wh3ATYAR5awzlJi67M38ADwjrqeAdwetoATkIYrJV2AjkZ4HPB0kWWOAr4H\n/gIWAwN80qfIHY3XR6zb1icOwupzJ7AI2AZsBF4HjrfSpIhP585AJ3VdD2wB9gtTwESgvxW3wkNA\n/UlFFFTTHtgKnFZEGUOBf4DrgV7AY8B24LACeVLAV8CBxmf/ImTwI03wtoqiz2xgJNK56pERdj3Q\n1UiTonQ6fwaMDpq4GvjAI/5opFMNQoSrA/5A5nI1VtqxwFKkYTYiDWymOUSVdawKX4o8Da2CCunB\nQuBJK+4b4MECeVLA8gBlh9UnH2mCd7Qo+th0BHYBFxtxKeLRuTOicz8j7h5gvllIlfo+EXhJJdAM\nBN72qLhWFTwPeUo6ICPRfOBPK201cBNwHHA5cC5wm/F7A7ADWKnCAxDTEHUh0RboC8yx4ucAp/jk\nPQJYi5ioaSpsE1afYilGH5NOyL3easXHoXMj8C/ZnfZTxBLu6ZDV6vs7YBZwL3AfcqOHA3d4VNwA\nrEJ6uK5oB/CtR9qUcf0D8CbZT3sjsAz4T4V7IIpHpTvQGllMmGwAzimQbyFwNWJKDkCe4o+Rxt1s\npEsZ10H0KZao+thMApqABUZcnDp/jcwfNWuBNsBBSN/aM6JtAl4GugGnA/siT8HPHkL3QYZSs6Ll\n5DbuocCjSMNvQTrmSKvMBqQBNDWWwAD347+NcqaHnGF4C5iO6PUucBHSNiOK1Edzl0qvP8M94vwm\n+FGZgMx5L0HMpyYunRvJ1VlbtpwRDWSeNRO4AtlamJFH8D5KSLOiJVaabsiq50NgjBJsl4prsvJO\nMMKbkFWbyUTg+TyyaH408u9CzLtJLeFWVNuRRU9PFY6qj2YKclM1DwNrkJuoWeORr1h9HgGGAWch\nVqgQUXVuAF6wytKLjo35KhuI2PHZyNzLpkoJNMSI+xK420p3FfAr2ZP6EcjooxXpoAQ/yUgzhmAT\n1EIsBKZacSsJN3luB6wjM2eNqk8+0oRbDETRZxLSGXsFrCeKzm2Av8k149fibQ330Bqxr+k8v/dU\nFZmbqdMRmz7IiLsQmSAOAY4CblFKbDMEPxm5Me2NfPUqrlshIX0YCuwErkMaeRLycPQw0tyMzE00\n44EzgMORhdEbSladJ6o++UgTbnsjrD6TlWxnk719Ye7vxaFzA9Ifunvo95SfYuOQobYYWpFR9hfE\nRIwne8l7I9mNo1lAiD2YPIwCViNP22Jk3mmSIntlOw15wHYiJuwVoLfxezH6eJEm3J5jWH2C7HPG\nofMIck1+O+A3go3sZeV8ZBXTutyCOHx5HHjVihtN7nZMxXIr2abBUVnUIPt765A3FiY3AMc0u0SO\nFslYZNE4FVkQOBwOh8PhiBe9H+JOwzocLZzVyPvGJuA967cXkXeg7wNfqHSXNaNsjhbEarxP5FYh\nx23qkHeoILv7a/B+PVjRVPsncZSJvsDnyF7VOhW3HnnR3hU5BJEYqvyTVBxRnVfK4TQSxGljN3KS\neRFyfEgzkNwd9r7IG5Of4hXT4UVU55VSOI34EcRp42D1XYcc0+mjwnOttF3V72FO1joiEofzSiHS\nFO9gUwg/p41xyKnXTsgCQLMPci7sylIJVmqSZjovQEzNR1Z8XE4jYSlUr5fTxmvIuXtNBzIjXkfk\nWM8K9a1XoK1UuXOB52KWv9lIWkfL57zS3E4jQeoN4rRRixy7WQJ8AjyLzNXOIzM/OxU5kzYY2QJp\nQsxwokjaqjOf80rKuG4Op5Eg9QZx2liFPAQ2/ZGDhiAdMWkDQg5JU8DLeaVcTiN+9QZy2shDP7Id\nSRJP0kY023mlXE4jQeqN5LThqAxs55VyOY341RvZaaOlkjTTORtx0NDOK5uR1dpgMg4UDwG/k3Fo\n1vtSpi9qsfjV2xvxMrdN5wClw15H0jraMmTlNkyFZwFPAM8gXtY9EXO1lMzKtAH5r4odMcrhV28j\nMvHfZORph3gU2f+j4ahQkuC8kninDYdQqc4rzmnD0Sw4pw2Hw+FwOBwOR2L4H1zUPGOQJUJZAAAA\nAElFTkSuQmCC\n",
      "text/latex": [
       "$$\\frac{\\sqrt{\\pi} ai}{\\left(ai + aj\\right)^{\\frac{5}{2}}} \\left(- 0.5 ai + 0.25 aj\\right)$$"
      ],
      "text/plain": [
       "√π⋅ai⋅(-0.5⋅ai + 0.25⋅aj)\n",
       "─────────────────────────\n",
       "                5/2      \n",
       "       (ai + aj)         "
      ]
     },
     "execution_count": 35,
     "metadata": {},
     "output_type": "execute_result"
    }
   ],
   "source": [
    "sp.simplify(sp.integrate(sp.exp(-aj*r**2)*(-0.5)*sp.diff(sp.exp(-ai*r**2),r,2)*r**2,(r,0,oo)))"
   ]
  },
  {
   "cell_type": "code",
   "execution_count": 36,
   "metadata": {},
   "outputs": [
    {
     "data": {
      "image/png": "iVBORw0KGgoAAAANSUhEUgAAAI4AAAApCAYAAADj5BFeAAAABHNCSVQICAgIfAhkiAAABnpJREFU\neJzt23nMXFUZx/FPF7GlRaFganFpXFBB2/eNJbgWxWgVlwQiCga07lFAQyL/qITMHxo1JQoICUuM\ndSGiuMW9aLAKsohoAXHBrSjQaosoFlS01j+ee5kzd+47987Wd9rebzKZOeeee87zzNnP/V0aGsbE\nm7FrwE/DPszV2G+M+X8Q303CB+HPeNIYyxw1F+Irs23ECEnr5Aq8p98Mnin+lHFyIA5IwuvwyUKa\nU/EH/As3YXWNfN+LG3EftuHreEYhTUv3KLm1L+uDg7B4gPt60a/PLaPxhc46WYG/4pH9ZHAujirE\n3VZiYP5pDWhozv64F89P4k7Ef/A2HI6PYwceX5HXBrxJNJYVYkTYiiVJmhZ+hUcnn0cN6cMoGMTn\nlvH58hOcVjfxfPygJP4popEcK4xbhvvFWmhhIe1ZuEU4vQ3rC2kOzPI6MgufIFr3nCTNDbi0kO9v\n8KG6jmQsxk68Kolr4ecV91X58Fjhw9P6tKcXg/jcUu0L/dcJnI1r0kzmZt/PwuezBDlr8J2Sgpdm\nGV8tevAiMVJcg38W0s7HO/F0vA4vwRnJ9Wn8V9vh1WJYzhfW+2EVrizkeyWeW2JbLw4Q/t5biH8i\n7hbTwuVZuB8fpvAAbu/TnpkYxucqX+i/TuDHYuYpDgwOwVrcod3bLxO9qcjp+G0SPkGMOHNL0ha5\nBJ9KwmcUDPxq4fqhohEdXcjnbPy6RnkpX8DPMC+JOxavxUq8GBtFZzi4Rz5FH96P6/u0pReD+jyI\nL1TXiSzPXZINS17Z2/HFrJCj8QjRQ+8sKWilGOpyprOC/ldI9zicj1vF9LNDrDnuLNy7KQkvFIvB\nUfNRsW56tZiucr4tGtQt+B5eKf6Ttdn1Oj5M6fQh5QOqjyxeOIxjffjCYHVCeyZ5aMSZn1y8Xywg\nTxEt64oZDFyZGZkWdHMhzcFiR/NDnJkZtjOLS42aEiNbznaxQ0nDO8X0mLJU/R3Dx3ASjsHvK9Lu\nEIv/w/rwYVo0zDLOxWcryvxjITwKn+n0hcHrhPaGYttMha0Ra4ANYu1SZG5m0PFJ3C/FcJ3yBvxN\n5yJ3rehhuSMPw7/FsJpzpu5h8gYxnKbcrt7i+DzxZx9eIy0swBYxLdTxYZH4859dM/+6DONzTuoL\ng9cJvEX57PMQ88Tiav0M1w9TmOvE8HiPmGNzXiEWWMfjyXhX5sR9ieFTWV6HJPetEBWRzssn4kG8\nVTSA80TjXZ6kOV1sRVMuzMp7kc4tanrecg5egCeIDcI3snuW1/ThOZm9+xstg/jcyxc1/SmrE6I9\nfKLK6HViWB+GOdoV9xcxr56jc0u3FneV3Hud7jODU7FZ9IabdC8cW7ofcdQ5a7pcdJQHM1u+hCP6\n8OEduhvsqOjX516+MHidLMDfjX5UHZgL8OWS+JeJ3cO8kmsN46WsTk7TfTQwKywU5xRbxMloGe/W\nOSw3jJdedfJ2PHW3W1TCWWIBfolYjDXMPk2dNDQ0NDTsbeT790at19AwoWwWz5E24fuFa58TyoCN\n+EWW7jW70baGCWazcpXgXCFbWCaeexEn3Hcpf+wzEcyvTtIwZlbhp+IMZUsWt1U87FwiHj5PHHU0\nNLPFoKL12RCO1xF37xKKyhtxchK/RvfJ7Cpxcv6n0Zq5b1AmWq/DOITjVdQRdz8m+14m5A4rs/BV\nhbRLsuv9KhwblIvWR8l6wwvre1El7l6HN4rGtjGJf7jQy7x+XIaNikmdql4uhvYfFeJnQzheVW6Z\nuPtrQs+bs0h7RFospB63Zd/5DmtOlu9V+MyI7R85k9pwiqL1nN0tHK9Tbh1x91IhX7hZ6JM/LdY6\nL9Ve3zxP6HCOE1v2TWLam0gmdVe1XGhLirSS33fgmzpHl2mhpy3qn4elV7nTQgaSaqXvFg8LD8Xv\nhGR1qiTfo4SgimhYk9qRu5hUQ8tE68MIx9+Xpc8/J5fEzfSmZFW5tcTdM3CkTvH8HsOkjjhF0fqw\nwvGLhMQ15yPigO38JK5MjVin3IHE3Q3joShaH7VwfL16u6qqcgcWd+/pTOpUtUGItHPR+j1iN3Kc\nttD6w/iH9suB+blI+s7XsFSVe4R487I4Va3OfNhrmdSGc6vYmZyUhb+Fi8Ubh9eK3n6ZaCT5zmtK\nvF/9wAjtqCp3WiyEtyf3LBBvEhTf/W7YTewJovWJFnfvy0yqaH2PEHc3TB6NuLuhoaGhoaGhYS/k\n/5ydJAYA5rZ+AAAAAElFTkSuQmCC\n",
      "text/latex": [
       "$$\\frac{\\sqrt{\\pi} aj}{\\left(ai + aj\\right)^{\\frac{5}{2}}} \\left(0.25 ai - 0.5 aj\\right)$$"
      ],
      "text/plain": [
       "√π⋅aj⋅(0.25⋅ai - 0.5⋅aj)\n",
       "────────────────────────\n",
       "               5/2      \n",
       "      (ai + aj)         "
      ]
     },
     "execution_count": 36,
     "metadata": {},
     "output_type": "execute_result"
    }
   ],
   "source": [
    "sp.simplify(sp.integrate(sp.exp(-ai*r**2)*(-0.5)*sp.diff(sp.exp(-aj*r**2),r,2)*r**2,(r,0,oo)))"
   ]
  },
  {
   "cell_type": "code",
   "execution_count": 37,
   "metadata": {},
   "outputs": [
    {
     "data": {
      "image/png": "iVBORw0KGgoAAAANSUhEUgAAAE8AAAAjCAYAAADVAlenAAAABHNCSVQICAgIfAhkiAAAAmdJREFU\naIHt2T9oFEEUx/FPJBbRBGK0sFALUYio5EALLRQRxUIsLCxsjBZCLEQLGyVFGjtRIgbE6gqrgAqK\nhdgKFhaKWmhAUME/GIgSg/81FnMXNueF7N3uZXO4XxjYnZl977fv5s/bOXL+K7bjJt5gEoezErIg\nK8cJaMdTnMDXjLU0NRPykdec5MFLQB68BOTBS0AevAS0Zi2gDtqxpnS9AKtQwBheZyWqWdghJMeV\npZidpJzEvFT9V52pXM1E5Tyhcs17gW81PP82RS1NR0tKdiZTspOTky1DuJG1iCqcxd1GGD6NBxjH\nKG5hQ522lgj5XFqkpa0THSnqmuIOjgiiNgoj5z26GuFMyOsGYvada22Jacdv7Kuo78dj4SxuVAhC\nW6R9hbABdc9ivyh+8NLQ1lnStbncuZHfth0l+x8r6ltxDOtxELtxMtLegy8YmWfaCvglnGJPdW4U\ng3iE+xX1A5HrV7ht+igr4An+zDNtBTxXWx5cF+eFBHp1Rf1KXBSCMyZMj5/CLlZmGJer2DxT6j8R\nee5HRd22BmormoMvqgt45981a6mwSA9jjzA1uvEZByL9RtBXxW6XcJpSLteEl43WtVV5Li1tD3Fq\nFvuJGCyJWFel7RA+mf5V0ysswmtL94uFhXxLDF9FtW0YSbQtxHfsqsFfTQwJedROLI+Ucr62V1hw\n9wuj5LgwCsYjorcKwVsUw19R/OAl1dYjBHJZTH81M9PJy0CpvSXyEh+EKXcO9yI2+vAspr+i+MFL\nqq1X+JM9pw4u4XrWIpqNNmwSpvDRjLU0Hf1CIn1F2DRycnJycnJq5y9pCbbQrb4yAQAAAABJRU5E\nrkJggg==\n",
      "text/latex": [
       "$$- \\frac{1}{2 ai + 2 aj}$$"
      ],
      "text/plain": [
       "    -1     \n",
       "───────────\n",
       "2⋅ai + 2⋅aj"
      ]
     },
     "execution_count": 37,
     "metadata": {},
     "output_type": "execute_result"
    }
   ],
   "source": [
    "sp.simplify(sp.integrate(-sp.exp(-aj*r**2)*sp.exp(-ai*r**2)*r,(r,0,oo)))"
   ]
  },
  {
   "cell_type": "code",
   "execution_count": 229,
   "metadata": {},
   "outputs": [],
   "source": [
    " # Cálculo de Hamiltoniano Hij=<xi| H |xj>\n",
    "\n",
    "\n",
    "# Cálculo de Energía Cinética  Tij=<xi|-1/2 D^2 |xj>\n",
    "def Tkin(Alpha,p,q):\n",
    "    rnum = 3 * pi**(3./2.) * Alpha[p] * Alpha[q]\n",
    "    rden =  (Alpha[p] + Alpha[q] )**(5./2.)    \n",
    "    Tpq = rnum/rden    \n",
    "    return Tpq\n",
    "\n",
    "\n",
    "# Cálculo de Energía Potencial  Vij=<xi|-Z/r |xj>\n",
    "def Vpot(Alpha,p,q):\n",
    "    Vpq =  ( -2*pi )  /  (Alpha[p] + Alpha[q])    \n",
    "    return Vpq\n",
    "\n",
    "for i in range(0,nsize):\n",
    "    for j in range(i,nsize): \n",
    "        H[i,j]=Tkin(Alpha,i,j) + Vpot(Alpha,i,j)\n",
    "        H[j,i]=H[i,j]\n",
    "   "
   ]
  },
  {
   "cell_type": "code",
   "execution_count": 230,
   "metadata": {},
   "outputs": [
    {
     "data": {
      "text/plain": [
       "array([[ 5.77268466e-01,  7.20024669e-02, -3.21540499e-01,\n",
       "        -4.36126263e-01, -4.44417178e-01, -4.63551215e-01,\n",
       "        -4.75198941e-01, -4.79109733e-01],\n",
       "       [ 7.20024669e-02,  5.07049929e-01, -9.89184826e-01,\n",
       "        -2.37741992e+00, -2.51023115e+00, -2.83735524e+00,\n",
       "        -3.05147782e+00, -3.12605792e+00],\n",
       "       [-3.21540499e-01, -9.89184826e-01, -2.63808243e+00,\n",
       "        -7.34221693e+00, -8.14489471e+00, -1.05464720e+01,\n",
       "        -1.25161067e+01, -1.32903670e+01],\n",
       "       [-4.36126263e-01, -2.37741992e+00, -7.34221693e+00,\n",
       "        -1.73051627e+01, -1.95312058e+01, -2.82329751e+01,\n",
       "        -3.88967297e+01, -4.43970855e+01],\n",
       "       [-4.44417178e-01, -2.51023115e+00, -8.14489471e+00,\n",
       "        -1.95312058e+01, -2.20775566e+01, -3.23029947e+01,\n",
       "        -4.56622199e+01, -5.29572696e+01],\n",
       "       [-4.63551215e-01, -2.83735524e+00, -1.05464720e+01,\n",
       "        -2.82329751e+01, -3.23029947e+01, -4.96254037e+01,\n",
       "        -7.68742993e+01, -9.52478368e+01],\n",
       "       [-4.75198941e-01, -3.05147782e+00, -1.25161067e+01,\n",
       "        -3.88967297e+01, -4.56622199e+01, -7.68742993e+01,\n",
       "        -1.36198403e+02, -1.88007006e+02],\n",
       "       [-4.79109733e-01, -3.12605792e+00, -1.32903670e+01,\n",
       "        -4.43970855e+01, -5.29572696e+01, -9.52478368e+01,\n",
       "        -1.88007006e+02, -2.84628747e+02]])"
      ]
     },
     "execution_count": 230,
     "metadata": {},
     "output_type": "execute_result"
    }
   ],
   "source": [
    "H"
   ]
  },
  {
   "cell_type": "code",
   "execution_count": 231,
   "metadata": {},
   "outputs": [
    {
     "data": {
      "text/plain": [
       "array([-0.4994118 , -0.12491848, -0.05300045,  0.02678946,  0.2458299 ,\n",
       "        0.79722314,  3.24652829, 21.6695907 ])"
      ]
     },
     "execution_count": 231,
     "metadata": {},
     "output_type": "execute_result"
    }
   ],
   "source": [
    "# Solución generalized eigenvalues (H-ES)(C)=0\n",
    "# Sólo Autovalores !\n",
    "\n",
    "Ener = eigvalsh(H,S,type=1)\n",
    "Ener"
   ]
  },
  {
   "cell_type": "code",
   "execution_count": 232,
   "metadata": {},
   "outputs": [
    {
     "data": {
      "image/png": "iVBORw0KGgoAAAANSUhEUgAAAiEAAAAVCAYAAACQYz4VAAAABHNCSVQICAgIfAhkiAAAC2JJREFU\neJztnXuwV0UdwD8SCEiEPag7lhOCQRROZIkxERxScZJw6DHVlKYWlqVmpaXRNNyaqbAHI9lLsiKr\nqZkIabSHEFYIhYMFExQaCj+E8FKAJBWCwO2P726/w949j92z59zLdT8zvzmw7+/u93zPnt3vnguR\nSCQSiUQifYjvAf8AhvV2QyKRSCQSiZzQvAroBuaUSXwOcAz4aE2NeRHwHWAXcAhoAbcAz65Y7iWI\nkHmCngRcCdwP/Bv4D/AAcBUwIGAe13a9FbgVuA94QqX9QUG5PnlmAsuBncBBYCvwE2ByTh6X8Xou\nIuOdwMOqjn8Bq4H3Utxf56m8XaquXcA9wEVGuhbtPjV/XQHb5dPH4NbPPvrVwk1+G2X0sj8Tyg65\n6kjVewTqs3VN2ZQ0ZfXQtZ6bgZXADpV+H7AemIeMgY0mbJ1rH19O9r2uf0eNPK6yNyXLncBjwDNz\n0gAy0PuBoUUJPRgD7EYauwyYD9yr/v8g2cpRxOlImw+Qr8w/VPG7gW8BC4G/qrA7AuZxbdcGFX8A\n2Ey5m981z80qzR7gdqTvlwCHkUnnJZY8ruN1lYrbhfTb55Gber8KX4IYRxtfUGl2AIuAzyH9/ScV\nl6alyuy0/G6wlO3bLp9xce1nH/1q4Sa/SVm97K+EtEOuOlLlHoF6bV0TNsVHFp96DgNrkb6djzws\n16ly/q7qTtOUrXPt44nY7/NOZKLRDdxdUfamZJmk0szNScNYZFAX5SWqwD2qEdca4QtU+Dc9yjwJ\n+DXwCPBFspX5TSpuK/C8VPjJwF0q7s0B8ri2C2A68BKVJ6Hcw84lTwcyW+4Cnm8pR8to4jperwdm\n0XPm3AE8qvK8xVLPlSpuMdK3JoOM/7fUryy+7XIdF9d+9tWvFm7yp3HRy/5KSDvkqiO+ugj12jpX\nWXxtiqssvvUMyaj3syrP143wpmydj63P4g8q/8VGuKvsTcqyGdhuqev/zFcFnVdQkA9jVNnbLA0Y\nTnvJ0NUP5Tpk4jQVmR1mKfMdKu5qS9xEFXdvgDyu7TJJcFfMojznqvifZcQ/gcxm04Qer7mqvFuN\n8MGI/9F27BMQGy38H8Jl22WSUDwurv3sq18t/OX31cv+Ql12CKo/VIp0sU5bZ5IQ3qakKStL1XpM\nXqHKW5EKa8rWmST468tZKu9O4Bkl89hkLyK0LPNUugt1gNnh5yOzzrUOjSzLdHVdjihfmgPAGuAU\n4DUOZY5HJk4LgVUFaTvU1TZr1mGv4/gHoU8e13Y1wRZkiW4Sx78ZgRiB4chbSZrQ4/WUuh4xwi8A\nRgJLVT0zgRsRI5W3rzwYWYadq9JOp/zNWKZdPrj2s69+gZ/8fU0ve4M67FAo8nSxblvnio9N0bjI\nUqUeG7PU9c+psKZsXUjep67fpqdPSBY22YsILcsadb1ABwxMRQ5DZsmbkVlfaMap698y4rcAM5At\noZUlyhsIfB9ZLsrdY1LsUdczLHGjU2WORvYAffO4tqsJ9iEP9gXIvvAyYC/yBnAxMjN+v5En5HgN\nBN6t/v0rI+4cdX0ScZ6aYMSvQhyg/mmEdyD9nGYbcAXwu4L2lGmXD6797KNfGlf5+6Je9gah7VAo\n8nSxCVvnio9N0fW6yOJbj+YGxBFyBPBqYAryEJ6fStOUrQvFUOQF5CjiI5NFGdnzqEOWdeo61RY5\nFlkmWR6oMpNF5C/96v2qT5Qs7zPIIKTfljtz6niXinsYeE4qfBCy1NetfpMr5nFtl0lC+O0YzWzk\npu5O/bYA77SkDTleX1Jpf26J+4aKO4LcIFOQG+cs2vu0vzXyzEP2MV+AvKFMQPZsjwH/RZYdy5DX\nLpOE8uNStp999Av85K+ql/2F0HYoTYL/8nqeLjZh60wSwtsU8NdD13o0XUaeXyL3TZqmbJ1Jgp++\nXKbymQ6pJmVkz6MuWQ6SOsWX3o7R3r+PZ2RscbxART/ffdEynIvMor+MOOeU4cfIQ20MMqO+DVkO\n3IAsTT6q0h2rkMenXU3xccTLeTEizzDk7PZWxCPaPIESig8B1yNvXJda4rUOHkHebFYje7AbEQe7\nncA0jjdan0b2tHcjD91NiIf3AuQtoTNAu3xx6WcfnQR3+fuyXhbRou/YnbrI08WmbJ0PrjbFVw+r\n2K4OxHGyA3HGHY2suJ7tUH9Z6rIpJnor5raCdFVkr1OWffTcWgPaDktZDkArVYPK/kzF0B7Q12eU\n/1UV/4ECAQYCDyE312AjrpP8Ge0gZGlvI7L8vx9Z3nspYsi76bmEWTZPlXalSQi/EqLjl1riTkEe\n9EdpL9VCmPG6RqX5C+19ahN9/C7LKN2u4q/LqUdzpkq7tyBdmXaZJBSPi07j0s8+OpmFTf5Qetlb\nVLU7JqHskI0E93s3TxebtnVpEsLaFF9ZXOsp4sXIN0A2pcKasnUmCe768nKVZwfuPnA22W3ULcs+\nMpyJT1OFrC5ZqStzVPlZsze99F50MudUyr8V3VKybUOQwTH9DlzyhGpXQvhJiF5WM4+faZaq+PQx\nrKrj9WEVv5GeR+vSvIf2UqENbSBuyilDM0KlfTInTdl2mSQUj4tPP2fho5M2+eu4X05kQtkhGwlu\n926RLvamrUsIa1N8ZQl5T2nWqzz6bbwpW2eS4G7rF6o8nQ550piym9QtywBkBe4RHZB2TH0MUcxx\n1MNv1HVGqiGa4cBrkaXlopM5hxCPYBtnA69EJlIPUX7J7x2Ip/iPSqa35amjXaHQbx4jM+J1+OFU\nWJXxuhFxftqAeEHvsaTR6A/uvMxSD7QdVbfllKHR3utZ3ydwaZcPPv2chY9O2uTvy3rZG4SyQ1Up\no4t9xdbZcNV1X1lC3lOa09RVnyppytZVZQiyNXKU7L4swpQ9TROyjEO2iDZkJViCPBDOrKFy8PtI\n0BhkCdH8YJWNTvKXKJ9lCZuITL720R6gqnlc25UmIfxKyNtUfBfwQiPuDchNd5CeXwX0Ga9PqbgH\nON4pLg/tLPcRI3yGatvjyFs+yPE+23n9UYijWjd2r3ufdqVJKB4Xn3521S9f+W10kq2Xi1Xc5SXL\nOpFw1euyNiih3L1bVRehHluXJqEem2Kjk2xZfOoZS9tepBlA28l0jRHXlK1Lk+Bm6y9V6e/KSeMj\nOzQnyxUq3TU6YKCR4KfIstaFiGd1aD4I/B74CrK0tRlxVpqOHI/6pCXPSmQv6wyqf6BqBaKwm5A9\nqfHIdykOImeodwXK48ps9YP2Htxk5EEAMiM1P8ftkmcJcpb+fKTP9d9nGQ+8EZmZ3kRPXwrX8bqM\ntvf7fYhzk0kr1UbN1cib0AKkb9cj4z1blTUH+VsGAG9H9m5XIR84O4A8JGYibwq/QJZwQ7TLdVx8\n+tlVv3zk9yHtMNzfcNXrPBvkqiO+uuiKj91qwqa44lPPRcinx1cjK6h7kVMh0xDfkS7kK81pmrJ1\nPrZeox1S875o7iN7k7LMUPVk+Z5yMuJxf39WggCcDnwX2f45jBjSvD8c1UJmTqNKlN1J/tvBx4A/\nIk5ah5Bl668hf7goC588ru3S8Vm/VoA8g5D9vrXIVwaPIF8qvRtRjCxcxquoTd30PG6rGYl8lW+7\nqmcPYnAmGemmIUvJDyJj8hTydrcCOdNu+xsHvu0qytey5HHtZ1f98pE/Cy2fTS/Xq/ZX/cOSfRUX\nvW6RbYM6cdORovR594itnJC2zlUWX5viKotrPRMQZ9INiB05grzErFN1Zb3pN2HrivK1Mto2XsUX\nOaT6yN6ULCOQSfCynPYDcha6G3kzjUQiTz9ORd5W6jq2HYlEnn5ci8wtphQlHILMAPP2nSKRSP9l\nFnLCpuzxvEgkEsljKLIFuKRshqnIVxl9/ohTJBKJRCKRiGY8sn0zqnebEYlEIpFIJBKJRCKRSCTS\nm/wP/lb99Go/bWoAAAAASUVORK5CYII=\n",
      "text/latex": [
       "$$\\left ( -0.49941180265218954, \\quad -0.1249184830217321\\right )$$"
      ],
      "text/plain": [
       "(-0.49941180265218954, -0.1249184830217321)"
      ]
     },
     "execution_count": 232,
     "metadata": {},
     "output_type": "execute_result"
    }
   ],
   "source": [
    "Ener[0], Ener[1]"
   ]
  },
  {
   "cell_type": "code",
   "execution_count": 233,
   "metadata": {
    "collapsed": true
   },
   "outputs": [],
   "source": [
    "def R1F1(n,l,z,r):\n",
    "    rho = 2 * r * z / n\n",
    "    rnum = (2 * z / n)**3 * factorial(n + l)\n",
    "    rden = (factorial(2*l+1))**2 * 2*n * factorial(n-l-1)\n",
    "    rnorm = sqrt(rnum/rden)\n",
    "    rfunc = (rho)**l * exp(-rho/2) * hyp1f1(-n+l+1, 2*l+2, rho)\n",
    "    R = rnorm * rfunc\n",
    "    return R"
   ]
  },
  {
   "cell_type": "code",
   "execution_count": 234,
   "metadata": {},
   "outputs": [],
   "source": [
    "# Solución generalized eigenvalues (H-ES)(C)=0\n",
    "\n",
    "Ener,coef = eigh(H,S,type=1)\n"
   ]
  },
  {
   "cell_type": "code",
   "execution_count": 235,
   "metadata": {},
   "outputs": [],
   "source": [
    "def psi(Ci,Alpha,x):\n",
    "    from math import  exp\n",
    "    nsize = len(Ci) \n",
    "    sum = 0.0\n",
    "    for i in range(0,nsize):\n",
    "        sum = sum + Ci[i]*exp(-Alpha[i]*x**2)\n",
    "    return sum"
   ]
  },
  {
   "cell_type": "code",
   "execution_count": 236,
   "metadata": {},
   "outputs": [],
   "source": [
    "# array definitions\n",
    "npts = 100\n",
    "xmin=0.0\n",
    "xmax=4.0\n",
    "x = linspace(xmin,xmax,npts)\n",
    "wave1s = zeros(npts)\n",
    "wave2s = zeros(npts)"
   ]
  },
  {
   "cell_type": "code",
   "execution_count": 237,
   "metadata": {},
   "outputs": [],
   "source": [
    "C0 = coef[:,0]\n",
    "for i in range(0,npts):\n",
    "        wave1s[i] = psi(-C0,Alpha,x[i])\n"
   ]
  },
  {
   "cell_type": "code",
   "execution_count": 251,
   "metadata": {},
   "outputs": [
    {
     "data": {
      "text/plain": [
       "<matplotlib.legend.Legend at 0x7fa427102110>"
      ]
     },
     "execution_count": 251,
     "metadata": {},
     "output_type": "execute_result"
    },
    {
     "data": {
